Best performing model = RidgeClassifier() 

Accuracy score on the test set = 0.77 

Model parameters = {'alpha': 1.0} 

   mean_fit_time  std_fit_time  mean_score_time  std_score_time param_alpha  \
9       0.380580      0.068554         0.015559        0.003314         1.0   
8       0.461367      0.024749         0.021541        0.001017         0.9   
6       0.468148      0.066444         0.025333        0.003971         0.7   
5       0.499262      0.049323         0.026130        0.005368         0.6   
7       0.461564      0.009342         0.025531        0.003764         0.8   
4       0.526591      0.085807         0.026329        0.006812         0.5   
3       0.506843      0.086716         0.025732        0.007887         0.4   
2       0.504850      0.059642         0.029521        0.006869         0.3   
1       0.434838      0.053800         0.020146        0.004434         0.2   
0       0.503254      0.023908         0.020945        0.003786         0.1   

           params  split0_test_score  split1_test_score  split2_test_score  \
9  {'alpha': 1.0}           0.831111           0.795556           0.822222   
8  {'alpha': 0.9}           0.833333           0.788889           0.822222   
6  {'alpha': 0.7}           0.831111           0.788889           0.820000   
5  {'alpha': 0.6}           0.831111           0.788889           0.817778   
7  {'alpha': 0.8}           0.831111           0.788889           0.817778   
4  {'alpha': 0.5}           0.824444           0.791111           0.817778   
3  {'alpha': 0.4}           0.822222           0.791111           0.815556   
2  {'alpha': 0.3}           0.817778           0.786667           0.813333   
1  {'alpha': 0.2}           0.813333           0.784444           0.804444   
0  {'alpha': 0.1}           0.811111           0.775556           0.800000   

   split3_test_score  split4_test_score  mean_test_score  std_test_score  \
9           0.783964           0.819599         0.810490        0.017734   
8           0.783964           0.815145         0.808711        0.019160   
6           0.781737           0.810690         0.806486        0.018595   
5           0.779510           0.812918         0.806041        0.019035   
7           0.781737           0.810690         0.806041        0.018291   
4           0.775056           0.817372         0.805152        0.018888   
3           0.775056           0.812918         0.803372        0.017590   
2           0.772829           0.808463         0.799814        0.017212   
1           0.770601           0.799555         0.794476        0.015175   
0           0.752784           0.795100         0.786910        0.020580   

   rank_test_score  
9                1  
8                2  
6                3  
5                4  
7                4  
4                6  
3                7  
2                8  
1                9  
0               10  
